297050
297056
297057
297099
297100
297101
297113
297114
297175
297176
297177
297178
297215
297218
297219
297224
297225
297227
297292
297293
297296
297308
297359
297411
297424
297425
297426
297429
297430
297431
297432
297433
297434
297435
297467
297468
297469
297483
297484
297485
297486
297487
297488
297503
297504
297505
297557
297558
297562
297563
297598
297599
297603
297604
297605
297606
297620
297656
297665
297666
297670
297674
297675
297722
297723
298996
298997
299000
299042
299061
299062
299064
299065
299067
299096
299149
299178
299180
299184
299185
299327
299329
299368
299369
299370
299380
299381
299394
299395
299396
299420
299443
299450
299477
299478
299479
299480
299481
299593
299594
299595
299597
299649
300087
300105
300106
300107
300117
300122
300123
300155
300156
300157
300226
300233
300234
300235
300236
300237
300238
300239
300240
300280
300281
300282
300283
300284
300364
300365
300366
300367
300368
300369
300370
300371
300372
300373
300374
300375
300389
300390
300391
300392
300393
300394
300395
300396
300397
300398
300399
300400
300401
300459
300461
300462
300463
300464
300466
300467
300497
300514
300515
300516
300517
300558
300560
300574
300575
300576
300631
300632
300633
300635
300636
300673
300674
300675
300676
300742
300777
300780
300785
300806
300811
300812
300816
300817
301046
301141
301142
301161
301165
301179
301180
301183
301281
301283
301298
301323
301330
301359
301384
301391
301392
301393
301396
301397
301398
301399
301417
301447
301448
301449
301450
301461
301472
301475
301476
301519
301524
301529
301530
301531
301532
301567
301627
301664
301665
301694
301912
301913
301914
301941
301959
301960
301970
301984
301985
301986
301987
301997
301998
302019
302026
302029
302031
302033
302034
302037
302038
302040
302041
302042
302043
302131
302159
302163
302165
302166
302225
302228
302229
302240
302262
302263
302277
302279
302280
302322
302328
302337
302342
302343
302344
302350
302388
302392
302393
302448
302472
302473
302474
302475
302476
302479
302484
302485
302492
302493
302494
302509
302513
302522
302523
302525
302526
302548
302551
302553
302554
302555
302563
302565
302572
302573
302596
302597
302634
302635
302651
302654
302661
302663
303825
303832
303838
303885
303948
303998
303999
304000
304062
304119
304120
304125
304144
304158
304169
304170
304199
304200
304204
304209
304291
304292
304333
304354
304366
304446
304447
304451
304505
304506
304507
304508
304562
304616
304625
304626
304654
304655
304661
304662
304663
304671
304672
304737
304738
304739
304740
304776
304777
304778
304797
305044
305045
305046
305059
305062
305063
305064
305081
305112
305113
305114
305178
305179
305180
305181
305182
305183
305184
305186
305188
305202
305204
305207
305208
305234
305236
305237
305247
305248
305252
305282
305310
305311
305312
305313
305314
305336
305338
305341
305349
305350
305351
305358
305364
305365
305366
305376
305377
305405
305406
305440
305441
305516
305517
305518
305586
305589
305590
305636
305766
305809
305814
305821
305832
305840
305842
305862
305898
305902
305967
306029
306030
306036
306037
306038
306041
306042
306048
306049
306051
306091
306092
306095
306121
306122
306125
306126
306134
306135
306138
306139
306153
306154
306155
306169
306170
306171
306418
306419
306420
306422
306423
306432
306454
306455
306456
306457
306458
306459
306460
